Zancada,Inicio_zancada_CSV,Fin_zancada_CSV,Duración_zancada_CSV,observacion,tiempo_incio_envideo,tiempo_fin_envideo,Duración_zancada_video,Diferencia_duración,Diferencia_porcentaje,Z_score_diferencia
1,00:02.615,00:03.692,00:01.077,ninguna,00:02.595,00:03.694,00:01.099,00:00.022,2.04%,-0.014953779556569414
2,00:03.692,00:04.723,00:01.031,ninguna,00:03.694,00:04.727,00:01.033,00:00.002,0.19%,-0.44056135155123627
3,00:04.723,00:05.815,00:01.092,gira,00:04.727,00:05.827,00:01.100,00:00.008,0.73%,
4,00:08.092,00:09.153,00:01.061,ninguna,00:08.159,00:09.259,00:01.100,00:00.039,3.68%,0.34681265663889743
5,00:09.153,00:10.246,00:01.093,ninguna,00:09.259,00:10.325,00:01.066,-00:00.027,-2.47%,-1.0576923309435031
6,00:10.246,00:11.323,00:01.077,ninguna,00:10.325,00:11.458,00:01.133,00:00.056,5.20%,0.7085790928343644
7,00:11.323,00:12.800,00:01.476,gira,00:13.157,00:12.557,-00:00.600,-00:02.077,-140.62%,
8,00:12.800,00:13.676,00:00.876,gira,00:15.557,00:13.756,-00:01.801,-00:02.677,-305.59%,
9,00:13.676,00:14.753,00:01.077,ninguna,00:13.756,00:14.923,00:01.167,00:00.090,8.36%,1.4321119652252978
10,00:14.753,00:15.830,00:01.077,ninguna,00:14.923,00:15.989,00:01.066,-00:00.011,-1.02%,-0.7172062733477697
11,00:15.830,00:16.907,00:01.077,ninguna,00:15.989,00:17.088,00:01.099,00:00.022,2.04%,-0.014953779556569414
12,00:16.907,00:18.061,00:01.154,gira,00:17.088,00:18.221,00:01.133,-00:00.021,-1.82%,
13,00:18.061,00:19.384,00:01.323,gira,00:18.221,00:19.520,00:01.299,-00:00.024,-1.81%,
14,00:19.384,00:20.461,00:01.077,ninguna,00:19.520,00:20.687,00:01.167,00:00.090,8.36%,1.4321119652252978
15,00:20.461,00:21.676,00:01.215,ninguna,00:20.687,00:21.753,00:01.066,-00:00.149,-12.26%,-3.6538985201109706
16,00:21.676,00:22.800,00:01.124,ninguna,00:21.753,00:22.919,00:01.166,00:00.042,3.74%,0.4106537924380975
17,00:22.800,00:23.800,00:01.000,gira,00:22.919,00:24.085,00:01.166,00:00.166,16.60%,
18,00:23.800,00:25.123,00:01.323,gira,00:24.085,00:25.384,00:01.299,-00:00.024,-1.81%,
19,00:25.123,00:26.292,00:01.169,ninguna,00:25.384,00:26.584,00:01.200,00:00.031,2.65%,0.1765696278410307
20,00:26.292,00:27.353,00:01.061,ninguna,00:26.584,00:27.683,00:01.099,00:00.038,3.58%,0.32553227803916407
21,00:27.353,00:28.476,00:01.123,ninguna,00:27.683,00:28.816,00:01.133,00:00.010,0.89%,-0.2703183227533695
22,00:28.476,00:29.615,00:01.139,gira,00:28.816,00:29.949,00:01.133,-00:00.006,-0.53%,
23,00:29.615,00:30.815,00:01.200,gira,00:29.949,00:31.148,00:01.199,-00:00.001,-0.08%,
24,00:30.815,00:31.984,00:01.169,ninguna,00:31.148,00:32.381,00:01.233,00:00.064,5.47%,0.878822121632231
25,00:31.984,00:33.046,00:01.062,ninguna,00:32.381,00:33.514,00:01.133,00:00.071,6.69%,1.027784771830364
26,00:33.046,00:34.153,00:01.107,ninguna,00:33.514,00:34.613,00:01.099,-00:00.008,-0.72%,-0.6533651375485696
27,00:34.153,00:35.261,00:01.108,ninguna,00:34.613,00:35.713,00:01.100,-00:00.008,-0.72%,-0.6533651375485696
28,00:35.261,00:36.461,00:01.200,gira,00:35.713,00:36.846,00:01.133,-00:00.066,-5.58%,
29,00:36.461,00:37.569,00:01.108,gira,00:36.846,00:38.045,00:01.199,00:00.091,8.21%,
30,00:37.569,00:38.707,00:01.138,ninguna,00:38.045,00:39.211,00:01.166,00:00.028,2.46%,0.11272849204183068
31,00:38.707,00:39.753,00:01.046,ninguna,00:39.211,00:40.344,00:01.133,00:00.087,8.32%,1.3682708294260977
32,00:39.753,00:40.830,00:01.077,ninguna,00:40.344,00:41.410,00:01.066,-00:00.011,-1.02%,-0.7172062733477697
33,00:40.830,00:41.938,00:01.108,ninguna,00:41.410,00:42.477,00:01.067,-00:00.041,-3.70%,-1.3556176313397699
34,00:41.938,00:43.261,00:01.313,gira,00:42.477,00:43.609,00:01.132,-00:00.181,-13.79%,
35,00:43.261,00:44.338,00:01.077,gira,00:43.609,00:44.875,00:01.266,00:00.189,17.55%,
36,00:44.338,00:45.492,00:01.154,ninguna,00:44.875,00:46.108,00:01.233,00:00.079,6.85%,1.198027800628231
37,00:45.492,00:46.584,00:01.092,ninguna,00:46.108,00:47.208,00:01.100,00:00.008,0.73%,-0.31287907995283615
38,00:46.584,00:47.646,00:01.062,ninguna,00:47.208,00:48.307,00:01.099,00:00.037,3.48%,0.3042518994394307
39,00:47.646,00:48.723,00:01.077,ninguna,00:48.307,00:49.407,00:01.100,00:00.023,2.14%,0.006326599043163946
40,00:48.723,00:49.969,00:01.246,gira,00:49.407,00:50.606,00:01.199,-00:00.047,-3.77%,
41,00:49.969,00:51.153,00:01.184,gira,00:50.606,00:51.806,00:01.200,00:00.016,1.35%,
42,00:51.153,00:52.230,00:01.077,ninguna,00:51.806,00:52.972,00:01.166,00:00.089,8.26%,1.4108315866255643
43,00:52.230,00:53.338,00:01.108,ninguna,00:52.972,00:54.071,00:01.099,-00:00.009,-0.81%,-0.6746455161483029
44,00:53.338,00:54.400,00:01.062,ninguna,00:54.071,00:55.137,00:01.066,00:00.004,0.38%,-0.39800059435176954
45,00:54.400,00:55.538,00:01.138,ninguna,00:55.137,00:56.270,00:01.133,-00:00.005,-0.44%,-0.5895240017493696
46,00:55.538,00:56.692,00:01.154,gira,00:56.270,00:57.470,00:01.200,00:00.046,3.99%,
47,00:56.692,00:58.015,00:01.223,gira,00:57.470,00:58.802,00:01.332,00:00.109,8.91%,
48,00:58.015,00:59.076,00:01.061,ninguna,00:58.802,00:59.935,00:01.133,00:00.072,6.79%,1.0490651504300976
49,00:59.076,01:00.184,00:01.108,ninguna,00:59.935,01:01.035,00:01.100,-00:00.008,-0.72%,-0.6533651375485696
50,01:00.184,01:01.276,00:01.092,ninguna,01:01.035,01:02.134,00:01.099,00:00.007,0.64%,-0.3341594585525695
51,01:01.276,01:02.569,00:01.293,gira,01:02.134,01:03.400,00:01.266,-00:00.027,-2.09%,
52,01:02.569,01:03.784,00:01.215,gira,01:03.400,01:04.633,00:01.233,00:00.018,1.48%,
53,01:03.784,01:04.892,00:01.108,ninguna,01:04.633,01:05.832,00:01.199,00:00.091,8.21%,1.4533923438250311
54,01:04.892,01:06.015,00:01.123,ninguna,01:05.832,01:06.965,00:01.133,00:00.010,0.89%,-0.2703183227533695
55,01:06.015,01:07.107,00:01.092,ninguna,01:06.965,01:08.065,00:01.100,00:00.008,0.73%,-0.31287907995283615
56,01:07.107,01:08.276,00:01.169,ninguna,01:08.065,01:09.231,00:01.166,-00:00.003,-0.26%,-0.546963244549903
57,01:08.276,01:09.507,00:01.231,gira,01:09.231,01:10.430,00:01.199,-00:00.032,-2.60%,
